(1, 675, 1, 4.07, '2022-01-28'),
(2, 356, 2, 4.72, '2022-09-04'),
(3, 134, 3, 4.05, '2023-07-26'),
(4, 941, 7, 2.47, '2024-06-22'),
(5, 193, 3, 4.25, '2022-11-01'),
(6, 265, 7, 4.6, '2023-08-01'),
(7, 651, 4, 2.53, '2022-04-15'),
(8, 885, 2, 3.23, '2022-08-27'),
(9, 730, 4, 3.4, '2022-04-28'),
(10, 240, 2, 2.88, '2022-03-27'),
(11, 877, 7, 4.53, '2022-08-06'),
(12, 178, 6, 4.61, '2024-08-18'),
(13, 508, 4, 3.87, '2024-07-13'),
(14, 690, 7, 2.53, '2024-02-17'),
(15, 799, 2, 4.58, '2024-09-11'),
(16, 846, 9, 2.66, '2023-08-28'),
(17, 260, 8, 3.42, '2024-02-01'),
(18, 229, 2, 4.56, '2023-02-04'),
(19, 791, 2, 2.58, '2022-11-18'),
(20, 834, 10, 3.69, '2024-08-20'),
(21, 651, 8, 3.41, '2023-06-26'),
(22, 659, 3, 4.57, '2023-08-08'),
(23, 879, 2, 3.69, '2024-10-30'),
(24, 563, 8, 3.12, '2024-09-25'),
(25, 703, 7, 2.86, '2022-01-14'),
(26, 373, 6, 3.28, '2022-03-02'),
(27, 710, 5, 3.34, '2022-12-01'),
(28, 649, 1, 3.91, '2022-06-25'),
(29, 80, 8, 3.37, '2023-06-26'),
(30, 867, 7, 3.65, '2023-02-13'),
(31, 484, 10, 3.92, '2023-03-03'),
(32, 183, 2, 2.71, '2022-04-24'),
(33, 191, 6, 3.33, '2023-10-24'),
(34, 955, 5, 3.85, '2022-03-05'),
(35, 503, 7, 4.2, '2024-04-04'),
(36, 829, 10, 2.85, '2023-08-28'),
(37, 308, 4, 3.85, '2024-05-28'),
(38, 374, 3, 3.51, '2024-01-26'),
(39, 223, 4, 4.01, '2022-10-11'),
(40, 373, 10, 2.14, '2024-09-27'),
(41, 48, 2, 3.72, '2023-12-22'),
(42, 581, 2, 3.97, '2022-12-09'),
(43, 126, 4, 4.92, '2023-07-01'),
(44, 11, 3, 4.96, '2022-04-30'),
(45, 999, 4, 3.26, '2022-04-24'),
(46, 664, 6, 3.33, '2023-02-24'),
(47, 568, 2, 3.24, '2024-10-27'),
(48, 792, 8, 2.37, '2023-03-11'),
(49, 163, 2, 3.91, '2022-12-22'),
(50, 172, 4, 4.71, '2022-04-30'),
(51, 450, 2, 4.41, '2023-06-13'),
(52, 816, 3, 3.26, '2023-07-21'),
(53, 48, 10, 2.1, '2023-02-03'),
(54, 733, 10, 3.46, '2022-06-24'),
(55, 292, 8, 4.28, '2022-03-05'),
(56, 878, 2, 4.33, '2023-02-09'),
(57, 743, 2, 2.59, '2024-09-15'),
(58, 298, 5, 3.77, '2023-07-28'),
(59, 647, 5, 4.29, '2022-12-03'),
(60, 464, 3, 2.69, '2022-11-24'),
(61, 469, 2, 2.53, '2022-01-24'),
(62, 116, 9, 4.03, '2024-07-11'),
(63, 229, 9, 2.35, '2024-09-05'),
(64, 596, 7, 2.96, '2023-10-05'),
(65, 182, 3, 2.18, '2022-05-04'),
(66, 821, 7, 3.8, '2022-06-07'),
(67, 820, 2, 3.54, '2023-04-07'),
(68, 899, 8, 2.52, '2023-08-14'),
(69, 227, 10, 2.62, '2024-10-16'),
(70, 502, 9, 3.13, '2024-02-08'),
(71, 258, 2, 3.39, '2024-08-18'),
(72, 409, 10, 4.44, '2024-03-08'),
(73, 361, 1, 4.54, '2022-10-15'),
(74, 854, 3, 2.06, '2023-12-26'),
(75, 367, 9, 4.77, '2024-11-15'),
(76, 515, 6, 4.52, '2023-08-24'),
(77, 817, 3, 3.89, '2022-03-02'),
(78, 274, 4, 3.82, '2024-04-25'),
(79, 748, 4, 3.47, '2023-02-03'),
(80, 951, 2, 2.95, '2023-05-04'),
(81, 880, 10, 2.24, '2023-07-16'),
(82, 163, 7, 4.59, '2024-10-11'),
(83, 381, 8, 2.13, '2022-09-13'),
(84, 161, 9, 2.54, '2022-11-10'),
(85, 427, 10, 2.15, '2022-12-07'),
(86, 481, 9, 4.82, '2023-09-20'),
(87, 808, 1, 3.41, '2022-03-02'),
(88, 281, 3, 4.69, '2024-01-13'),
(89, 289, 3, 2.31, '2022-09-27'),
(90, 39, 6, 2.13, '2023-06-18'),
(91, 690, 10, 3.75, '2022-01-14'),
(92, 621, 7, 2.55, '2023-07-17'),
(93, 698, 6, 3.19, '2022-10-19'),
(94, 499, 7, 4.2, '2023-12-10'),
(95, 450, 5, 3.1, '2022-08-30'),
(96, 780, 10, 2.38, '2023-03-19'),
(97, 906, 6, 2.87, '2023-01-22'),
(98, 736, 10, 2.0, '2022-09-27'),
(99, 592, 5, 2.83, '2024-10-26'),
(100, 751, 9, 2.77, '2022-01-01'),
(101, 190, 9, 3.22, '2023-12-26'),
(102, 215, 7, 2.46, '2024-07-05'),
(103, 437, 10, 2.93, '2024-12-24'),
(104, 997, 6, 3.53, '2022-10-25'),
(105, 720, 2, 2.04, '2024-07-23'),
(106, 965, 2, 2.52, '2022-04-12'),
(107, 414, 5, 4.73, '2022-10-20'),
(108, 510, 3, 4.48, '2023-01-31'),
(109, 325, 4, 4.53, '2024-08-22'),
(110, 749, 4, 2.14, '2022-07-01'),
(111, 193, 10, 4.05, '2024-04-17'),
(112, 73, 9, 2.68, '2024-05-23'),
(113, 519, 6, 2.3, '2023-08-17'),
(114, 793, 4, 3.9, '2022-04-20'),
(115, 700, 1, 2.06, '2022-07-20'),
(116, 737, 7, 3.69, '2024-04-03'),
(117, 339, 3, 2.7, '2024-03-23'),
(118, 594, 1, 3.6, '2022-09-28'),
(119, 133, 5, 4.28, '2022-10-31'),
(120, 929, 1, 3.04, '2023-03-25'),
(121, 954, 2, 4.98, '2023-05-06'),
(122, 162, 6, 2.26, '2022-01-13'),
(123, 509, 6, 4.66, '2023-06-05'),
(124, 466, 7, 3.15, '2023-12-26'),
(125, 681, 6, 4.07, '2023-07-21'),
(126, 623, 2, 3.93, '2023-02-17'),
(127, 840, 4, 3.35, '2024-02-05'),
(128, 439, 10, 3.53, '2024-04-29'),
(129, 896, 3, 2.98, '2023-01-07'),
(130, 459, 3, 3.35, '2023-11-02'),
(131, 707, 6, 2.67, '2024-05-31'),
(132, 929, 10, 2.74, '2024-05-04'),
(133, 738, 1, 4.25, '2023-08-05'),
(134, 777, 8, 4.12, '2022-09-30'),
(135, 319, 2, 3.16, '2023-02-12'),
(136, 85, 3, 3.02, '2024-10-18'),
(137, 248, 8, 3.74, '2024-09-20'),
(138, 68, 4, 4.65, '2024-01-04'),
(139, 912, 1, 4.49, '2024-06-22'),
(140, 972, 7, 3.69, '2022-08-23'),
(141, 356, 5, 3.28, '2024-06-05'),
(142, 581, 2, 2.81, '2024-02-13'),
(143, 508, 3, 3.63, '2022-12-22'),
(144, 181, 4, 3.43, '2022-09-08'),
(145, 458, 6, 4.59, '2022-12-06'),
(146, 289, 1, 3.76, '2024-07-25'),
(147, 121, 8, 3.17, '2022-11-06'),
(148, 960, 6, 3.48, '2023-11-13'),
(149, 894, 7, 2.65, '2024-12-20'),
(150, 155, 5, 4.8, '2024-06-14'),
(151, 288, 3, 2.25, '2022-09-16'),
(152, 897, 7, 3.58, '2024-05-25'),
(153, 902, 8, 3.85, '2024-06-06'),
(154, 488, 9, 4.64, '2024-02-06'),
(155, 677, 10, 2.53, '2024-11-06'),
(156, 445, 8, 4.58, '2022-12-31'),
(157, 502, 1, 4.86, '2022-11-25'),
(158, 787, 2, 2.08, '2022-02-28'),
(159, 345, 9, 2.84, '2023-06-14'),
(160, 562, 5, 4.35, '2023-02-23'),
(161, 619, 6, 3.37, '2023-07-21'),
(162, 333, 6, 3.3, '2023-08-22'),
(163, 891, 8, 4.89, '2023-04-25'),
(164, 317, 10, 4.27, '2022-12-16'),
(165, 225, 4, 4.22, '2024-01-25'),
(166, 853, 2, 4.99, '2024-06-21'),
(167, 135, 5, 3.07, '2022-10-06'),
(168, 300, 1, 2.17, '2022-09-10'),
(169, 842, 10, 4.05, '2024-05-12'),
(170, 692, 2, 2.35, '2024-12-15'),
(171, 221, 4, 4.78, '2024-10-07'),
(172, 44, 4, 3.4, '2024-06-07'),
(173, 282, 8, 3.66, '2023-07-21'),
(174, 473, 1, 3.36, '2024-05-03'),
(175, 336, 8, 2.05, '2023-08-28'),
(176, 440, 10, 3.78, '2022-07-31'),
(177, 314, 1, 2.14, '2024-03-04'),
(178, 457, 5, 2.69, '2024-02-01'),
(179, 758, 5, 3.08, '2022-08-09'),
(180, 182, 7, 4.95, '2023-10-08'),
(181, 38, 4, 2.84, '2022-11-18'),
(182, 953, 6, 4.56, '2022-03-05'),
(183, 35, 5, 3.76, '2023-07-14'),
(184, 297, 2, 3.72, '2022-07-22'),
(185, 396, 9, 2.49, '2024-08-29'),
(186, 790, 4, 2.47, '2023-03-22'),
(187, 985, 6, 2.46, '2022-04-02'),
(188, 187, 5, 4.21, '2022-07-15'),
(189, 812, 5, 3.62, '2024-11-01'),
(190, 184, 10, 4.86, '2023-08-21'),
(191, 362, 5, 2.73, '2022-11-29'),
(192, 389, 4, 4.61, '2023-06-24'),
(193, 570, 2, 3.12, '2022-11-21'),
(194, 986, 3, 2.24, '2024-09-14'),
(195, 385, 7, 3.83, '2023-08-22'),
(196, 778, 4, 2.12, '2023-03-18'),
(197, 113, 10, 4.5, '2023-09-11'),
(198, 270, 6, 3.84, '2024-04-23'),
(199, 407, 4, 2.24, '2022-09-02'),
(200, 314, 9, 2.82, '2023-01-27'),
(201, 230, 5, 4.57, '2022-08-24'),
(202, 337, 7, 4.94, '2024-08-29'),
(203, 217, 8, 3.9, '2023-07-20'),
(204, 349, 10, 3.57, '2024-12-12'),
(205, 577, 2, 3.27, '2024-03-30'),
(206, 903, 4, 2.14, '2023-12-20'),
(207, 988, 8, 4.08, '2023-12-31'),
(208, 308, 7, 2.78, '2022-02-05'),
(209, 146, 5, 4.45, '2024-10-30'),
(210, 563, 7, 2.63, '2022-10-29'),
(211, 640, 8, 2.48, '2024-07-04'),
(212, 16, 7, 3.26, '2022-05-14'),
(213, 601, 4, 2.38, '2022-05-08'),
(214, 330, 10, 3.68, '2024-10-27'),
(215, 223, 7, 4.19, '2022-04-25'),
(216, 590, 10, 3.21, '2022-01-09'),
(217, 504, 7, 3.85, '2024-03-12'),
(218, 370, 9, 2.14, '2024-10-06'),
(219, 203, 8, 2.67, '2023-03-22'),
(220, 224, 4, 3.36, '2022-06-15'),
(221, 101, 2, 3.06, '2023-11-26'),
(222, 91, 2, 2.3, '2024-08-11'),
(223, 328, 2, 3.17, '2023-12-07'),
(224, 244, 1, 3.53, '2024-08-13'),
(225, 938, 5, 2.8, '2023-04-21'),
(226, 470, 2, 2.75, '2024-10-19'),
(227, 546, 2, 2.45, '2024-09-06'),
(228, 117, 1, 2.8, '2022-10-17'),
(229, 725, 10, 2.09, '2022-03-05'),
(230, 761, 8, 3.3, '2022-12-05'),
(231, 493, 1, 4.45, '2022-04-11'),
(232, 953, 8, 4.73, '2024-04-15'),
(233, 945, 5, 4.49, '2024-06-09'),
(234, 679, 9, 2.26, '2023-04-12'),
(235, 36, 7, 2.23, '2022-09-15'),
(236, 800, 7, 4.07, '2023-02-15'),
(237, 509, 9, 2.02, '2024-04-14'),
(238, 258, 6, 3.07, '2022-01-04'),
(239, 368, 8, 4.37, '2023-12-05'),
(240, 411, 8, 3.68, '2023-02-11'),
(241, 568, 1, 2.98, '2024-12-03'),
(242, 825, 9, 3.35, '2024-05-14'),
(243, 365, 9, 3.19, '2022-10-06'),
(244, 217, 5, 2.66, '2022-03-12'),
(245, 253, 4, 3.41, '2023-09-20'),
(246, 64, 7, 4.7, '2024-06-15'),
(247, 564, 2, 4.52, '2023-03-23'),
(248, 97, 3, 2.59, '2024-03-12'),
(249, 975, 3, 2.08, '2024-07-01'),
(250, 666, 7, 3.73, '2022-08-13'),
(251, 145, 1, 4.28, '2022-10-09'),
(252, 1000, 1, 2.29, '2024-11-23'),
(253, 316, 1, 4.1, '2023-09-08'),
(254, 306, 4, 2.99, '2022-12-02'),
(255, 616, 5, 2.74, '2022-05-17'),
(256, 95, 9, 2.12, '2024-03-18'),
(257, 144, 6, 4.15, '2023-05-17'),
(258, 650, 2, 2.39, '2023-11-12'),
(259, 945, 1, 3.56, '2022-07-28'),
(260, 229, 6, 2.85, '2022-05-28'),
(261, 289, 7, 4.47, '2024-01-25'),
(262, 943, 9, 3.21, '2024-08-23'),
(263, 66, 3, 2.02, '2024-12-03'),
(264, 596, 5, 4.71, '2023-11-04'),
(265, 868, 1, 3.19, '2024-04-15'),
(266, 747, 8, 2.41, '2023-05-23'),
(267, 140, 4, 3.62, '2023-03-18'),
(268, 135, 9, 4.15, '2024-05-03'),
(269, 342, 6, 2.16, '2024-09-03'),
(270, 125, 10, 4.88, '2024-02-21'),
(271, 217, 2, 4.8, '2023-11-06'),
(272, 633, 8, 3.62, '2022-04-25'),
(273, 722, 9, 3.0, '2024-09-29'),
(274, 706, 7, 2.25, '2022-05-01'),
(275, 421, 3, 4.91, '2023-09-24'),
(276, 824, 9, 2.04, '2023-05-29'),
(277, 407, 10, 4.0, '2022-06-24'),
(278, 312, 4, 2.53, '2023-09-25'),
(279, 728, 2, 4.67, '2023-06-03'),
(280, 280, 6, 3.46, '2022-09-04'),
(281, 114, 1, 3.88, '2023-05-09'),
(282, 932, 2, 2.09, '2024-11-29'),
(283, 28, 7, 3.18, '2022-02-17'),
(284, 817, 7, 3.82, '2022-07-22'),
(285, 584, 2, 4.1, '2024-01-26'),
(286, 391, 10, 4.98, '2022-08-23'),
(287, 386, 10, 3.35, '2023-09-13'),
(288, 813, 6, 4.61, '2023-02-20'),
(289, 156, 2, 3.38, '2024-07-03'),
(290, 690, 9, 2.88, '2024-11-02'),
(291, 744, 7, 4.42, '2024-01-26'),
(292, 437, 8, 3.2, '2024-06-28'),
(293, 169, 7, 2.15, '2023-02-03'),
(294, 19, 4, 3.91, '2022-10-30'),
(295, 99, 5, 2.41, '2024-04-13'),
(296, 24, 10, 4.16, '2024-05-09'),
(297, 169, 9, 3.86, '2022-10-15'),
(298, 488, 1, 4.8, '2022-08-12'),
(299, 599, 1, 3.65, '2024-08-02'),
(300, 757, 4, 4.15, '2023-06-07'),
(301, 891, 2, 3.03, '2022-05-06'),
(302, 579, 4, 2.72, '2022-04-06'),
(303, 45, 6, 4.27, '2024-01-07'),
(304, 357, 3, 2.48, '2023-10-14'),
(305, 688, 8, 3.62, '2024-10-30'),
(306, 313, 9, 4.23, '2024-08-20'),
(307, 654, 6, 4.75, '2022-06-05'),
(308, 383, 3, 4.96, '2022-04-27'),
(309, 489, 7, 2.36, '2024-08-15'),
(310, 883, 4, 3.73, '2024-10-02'),
(311, 675, 2, 4.13, '2022-01-03'),
(312, 647, 4, 4.25, '2023-06-10'),
(313, 679, 5, 2.78, '2023-02-02'),
(314, 723, 3, 2.93, '2024-01-02'),
(315, 639, 7, 4.77, '2022-02-09'),
(316, 229, 1, 2.21, '2022-08-10'),
(317, 258, 7, 3.21, '2024-02-20'),
(318, 218, 5, 4.39, '2022-09-29'),
(319, 382, 4, 3.08, '2022-01-27'),
(320, 712, 3, 4.8, '2023-06-30'),
(321, 511, 3, 3.28, '2022-10-22'),
(322, 696, 9, 4.09, '2024-12-29'),
(323, 258, 10, 4.5, '2024-04-23'),
(324, 379, 5, 2.22, '2024-10-14'),
(325, 457, 3, 4.08, '2022-09-30'),
(326, 709, 8, 3.61, '2022-04-03'),
(327, 764, 8, 3.23, '2024-01-26'),
(328, 967, 3, 2.38, '2024-01-25'),
(329, 298, 7, 2.59, '2023-09-04'),
(330, 675, 10, 4.74, '2022-03-21'),
(331, 791, 3, 3.23, '2024-02-13'),
(332, 364, 1, 2.78, '2024-03-03'),
(333, 752, 10, 2.69, '2023-01-24'),
(334, 930, 4, 2.79, '2023-03-12'),
(335, 697, 8, 2.28, '2022-04-06'),
(336, 828, 8, 4.69, '2024-07-02'),
(337, 747, 5, 2.91, '2024-11-26'),
(338, 645, 3, 3.97, '2022-08-15'),
(339, 296, 1, 4.94, '2023-06-12'),
(340, 327, 6, 4.49, '2024-11-04'),
(341, 522, 2, 2.28, '2024-12-29'),
(342, 28, 1, 3.36, '2023-05-25'),
(343, 725, 5, 2.55, '2024-05-06'),
(344, 173, 3, 2.53, '2022-02-10'),
(345, 133, 3, 4.36, '2023-04-07'),
(346, 676, 7, 3.48, '2024-10-20'),
(347, 524, 8, 2.64, '2022-08-03'),
(348, 89, 6, 4.68, '2022-10-27'),
(349, 457, 5, 3.42, '2023-04-02'),
(350, 555, 2, 2.53, '2022-02-03'),
(351, 788, 5, 2.96, '2023-05-27'),
(352, 323, 9, 3.81, '2024-02-21'),
(353, 380, 10, 2.11, '2024-12-26'),
(354, 621, 5, 3.69, '2024-08-29'),
(355, 810, 6, 2.12, '2023-04-23'),
(356, 359, 7, 4.76, '2023-11-23'),
(357, 62, 4, 3.11, '2022-12-18'),
(358, 581, 5, 4.75, '2024-07-25'),
(359, 239, 2, 3.04, '2024-12-14'),
(360, 538, 6, 3.0, '2024-01-26'),
(361, 497, 8, 4.98, '2024-01-10'),
(362, 907, 7, 2.09, '2022-01-26'),
(363, 691, 5, 4.84, '2024-07-18'),
(364, 387, 6, 2.5, '2023-12-27'),
(365, 576, 7, 4.5, '2022-04-24'),
(366, 712, 4, 4.44, '2023-11-15'),
(367, 114, 6, 3.2, '2024-11-16'),
(368, 299, 3, 4.12, '2022-05-04'),
(369, 229, 5, 2.62, '2024-12-01'),
(370, 5, 5, 2.71, '2022-08-30'),
(371, 427, 8, 2.34, '2024-10-12'),
(372, 636, 5, 4.69, '2023-12-31'),
(373, 572, 8, 2.83, '2022-04-08'),
(374, 840, 4, 3.43, '2024-05-09'),
(375, 437, 6, 4.2, '2022-06-02'),
(376, 115, 10, 2.8, '2023-03-09'),
(377, 817, 7, 4.21, '2024-04-08'),
(378, 410, 8, 2.22, '2023-04-27'),
(379, 655, 7, 4.18, '2024-03-21'),
(380, 71, 3, 2.45, '2022-05-16'),
(381, 314, 4, 3.67, '2023-11-29'),
(382, 122, 2, 3.03, '2024-05-22'),
(383, 949, 8, 2.89, '2022-09-28'),
(384, 735, 4, 4.51, '2023-02-13'),
(385, 628, 4, 2.14, '2022-01-21'),
(386, 149, 1, 3.42, '2022-12-02'),
(387, 954, 4, 4.26, '2023-03-14'),
(388, 61, 5, 2.43, '2024-01-07'),
(389, 525, 9, 4.5, '2024-09-18'),
(390, 442, 5, 4.12, '2023-04-27'),
(391, 818, 8, 2.65, '2024-04-29'),
(392, 894, 10, 4.3, '2024-07-20'),
(393, 174, 1, 2.61, '2022-11-30'),
(394, 402, 1, 4.1, '2024-07-09'),
(395, 896, 2, 3.53, '2023-08-25'),
(396, 131, 9, 3.97, '2022-07-03'),
(397, 970, 2, 4.25, '2022-12-05'),
(398, 662, 9, 4.95, '2023-03-25'),
(399, 545, 6, 2.96, '2022-02-25'),
(400, 881, 7, 3.03, '2022-02-18'),
(401, 176, 1, 4.72, '2022-10-04'),
(402, 496, 8, 3.96, '2024-01-12'),
(403, 944, 7, 2.62, '2024-05-29'),
(404, 808, 4, 4.79, '2024-09-22'),
(405, 94, 4, 2.37, '2022-08-21'),
(406, 433, 2, 4.55, '2023-10-21'),
(407, 572, 5, 3.15, '2024-01-18'),
(408, 649, 5, 3.91, '2023-07-07'),
(409, 357, 10, 4.45, '2024-02-06'),
(410, 478, 4, 3.33, '2023-10-22'),
(411, 588, 5, 4.2, '2022-12-26'),
(412, 266, 1, 4.42, '2023-11-23'),
(413, 27, 10, 3.21, '2024-10-20'),
(414, 682, 9, 2.01, '2022-01-07'),
(415, 770, 8, 4.16, '2024-08-10'),
(416, 189, 10, 4.41, '2023-08-08'),
(417, 12, 9, 3.25, '2023-02-02'),
(418, 683, 8, 2.54, '2023-10-28'),
(419, 114, 5, 4.03, '2022-03-06'),
(420, 498, 5, 4.36, '2022-01-19'),
(421, 7, 1, 3.8, '2023-03-19'),
(422, 47, 3, 3.41, '2023-02-10'),
(423, 2, 7, 3.66, '2023-05-15'),
(424, 295, 1, 2.13, '2022-01-05'),
(425, 973, 3, 3.74, '2024-05-16'),
(426, 760, 8, 2.08, '2024-01-26'),
(427, 277, 4, 3.07, '2023-04-16'),
(428, 608, 9, 2.86, '2022-07-26'),
(429, 561, 3, 3.34, '2024-02-17'),
(430, 624, 7, 2.54, '2023-09-01'),
(431, 480, 7, 3.91, '2023-01-25'),
(432, 671, 6, 4.98, '2024-11-03'),
(433, 371, 8, 3.19, '2022-03-18'),
(434, 578, 2, 2.46, '2022-11-11'),
(435, 260, 2, 4.55, '2024-05-28'),
(436, 78, 4, 3.03, '2024-05-01'),
(437, 852, 10, 4.9, '2023-06-17'),
(438, 888, 3, 4.72, '2023-11-25'),
(439, 614, 6, 4.18, '2023-02-16'),
(440, 619, 3, 2.95, '2023-06-03'),
(441, 378, 7, 2.93, '2022-05-02'),
(442, 545, 2, 3.91, '2022-06-14'),
(443, 953, 4, 4.79, '2023-04-03'),
(444, 900, 7, 4.19, '2022-10-09'),
(445, 640, 9, 4.49, '2022-11-09'),
(446, 252, 7, 3.53, '2024-04-28'),
(447, 877, 10, 2.38, '2022-06-27'),
(448, 785, 6, 3.37, '2022-10-02'),
(449, 770, 6, 4.2, '2024-08-28'),
(450, 161, 4, 2.25, '2024-05-17'),
(451, 527, 5, 2.09, '2024-11-22'),
(452, 652, 10, 4.13, '2024-10-05'),
(453, 761, 4, 2.71, '2022-02-16'),
(454, 203, 3, 4.12, '2024-10-04'),
(455, 277, 10, 2.6, '2022-08-15'),
(456, 298, 9, 3.68, '2024-04-10'),
(457, 26, 8, 4.2, '2022-03-11'),
(458, 75, 2, 4.04, '2024-03-13'),
(459, 534, 5, 2.16, '2023-01-13'),
(460, 814, 10, 3.9, '2022-07-25'),
(461, 209, 4, 2.11, '2024-09-19'),
(462, 631, 9, 2.18, '2022-03-30'),
(463, 188, 3, 2.66, '2024-03-14'),
(464, 918, 1, 3.05, '2022-04-11'),
(465, 686, 1, 2.12, '2023-03-01'),
(466, 708, 10, 4.2, '2022-07-05'),
(467, 381, 1, 4.46, '2022-02-06'),
(468, 813, 5, 2.9, '2022-01-03'),
(469, 283, 8, 4.85, '2023-06-24'),
(470, 897, 4, 2.14, '2022-11-04'),
(471, 347, 7, 4.01, '2023-07-22'),
(472, 435, 4, 4.78, '2022-09-21'),
(473, 830, 1, 2.36, '2023-06-22'),
(474, 698, 1, 4.92, '2024-02-25'),
(475, 553, 6, 2.11, '2023-12-13'),
(476, 392, 6, 3.75, '2022-11-22'),
(477, 233, 9, 2.9, '2023-11-09'),
(478, 412, 6, 3.63, '2023-06-08'),
(479, 921, 4, 2.85, '2024-08-27'),
(480, 261, 8, 2.2, '2022-04-21'),
(481, 55, 3, 4.42, '2024-04-16'),
(482, 214, 9, 2.78, '2022-05-20'),
(483, 956, 6, 5.0, '2022-05-28'),
(484, 26, 5, 3.99, '2024-04-30'),
(485, 991, 5, 4.95, '2023-09-04'),
(486, 321, 5, 3.3, '2022-11-24'),
(487, 540, 6, 4.39, '2022-01-20'),
(488, 644, 2, 3.29, '2023-03-06'),
(489, 499, 10, 2.06, '2024-11-08'),
(490, 441, 9, 4.46, '2022-10-16'),
(491, 3, 3, 2.27, '2024-01-16'),
(492, 389, 6, 4.49, '2024-02-28'),
(493, 107, 6, 3.9, '2023-01-30'),
(494, 639, 9, 2.24, '2022-03-13'),
(495, 656, 1, 3.98, '2024-11-11'),
(496, 583, 6, 4.38, '2022-12-12'),
(497, 827, 4, 3.85, '2024-01-06'),
(498, 424, 4, 3.01, '2022-02-13'),
(499, 671, 8, 2.19, '2023-06-29'),
(500, 567, 1, 4.77, '2022-11-05'),
(501, 724, 10, 3.05, '2023-05-22'),
(502, 378, 3, 4.6, '2022-11-25'),
(503, 400, 10, 2.58, '2023-09-05'),
(504, 761, 10, 2.88, '2024-01-09'),
(505, 258, 1, 3.13, '2023-08-08'),
(506, 70, 5, 3.15, '2023-06-15'),
(507, 724, 5, 4.32, '2022-10-25'),
(508, 196, 3, 3.06, '2024-07-02'),
(509, 490, 9, 2.14, '2024-12-29'),
(510, 937, 5, 2.75, '2023-08-29'),
(511, 722, 1, 2.68, '2023-12-16'),
(512, 957, 1, 3.28, '2022-08-16'),
(513, 832, 4, 3.54, '2023-08-08'),
(514, 77, 10, 2.47, '2022-09-25'),
(515, 724, 4, 3.95, '2022-12-06'),
(516, 577, 10, 3.08, '2023-08-13'),
(517, 689, 3, 3.04, '2024-08-24'),
(518, 916, 2, 4.06, '2024-11-24'),
(519, 369, 5, 3.26, '2023-02-22'),
(520, 45, 9, 4.23, '2022-03-15'),
(521, 368, 8, 3.33, '2023-07-08'),
(522, 522, 4, 3.61, '2022-12-12'),
(523, 860, 2, 4.53, '2022-10-31'),
(524, 396, 7, 3.87, '2023-10-21'),
(525, 317, 10, 2.15, '2023-10-31'),
(526, 298, 6, 4.3, '2022-09-16'),
(527, 758, 2, 2.85, '2024-03-08'),
(528, 421, 8, 2.08, '2023-01-11'),
(529, 653, 5, 2.88, '2024-12-15'),
(530, 495, 5, 2.94, '2022-07-22'),
(531, 486, 6, 2.65, '2024-04-18'),
(532, 392, 6, 2.78, '2024-10-15'),
(533, 550, 8, 2.45, '2023-02-21'),
(534, 336, 5, 2.76, '2023-01-21'),
(535, 106, 9, 4.76, '2022-11-08'),
(536, 359, 5, 4.16, '2022-06-03'),
(537, 834, 5, 3.02, '2024-02-16'),
(538, 388, 10, 2.44, '2024-09-24'),
(539, 41, 6, 4.27, '2024-11-23'),
(540, 276, 2, 2.13, '2023-12-26'),
(541, 722, 5, 4.54, '2022-05-02'),
(542, 711, 5, 2.86, '2022-04-04'),
(543, 610, 3, 3.92, '2024-04-26'),
(544, 909, 3, 4.5, '2023-04-11'),
(545, 54, 1, 3.27, '2024-08-11'),
(546, 467, 6, 4.03, '2022-12-14'),
(547, 809, 6, 2.03, '2023-09-15'),
(548, 46, 10, 3.54, '2023-05-27'),
(549, 969, 7, 2.76, '2023-12-05'),
(550, 417, 2, 2.61, '2022-04-10'),
(551, 38, 9, 4.96, '2023-05-02'),
(552, 709, 6, 2.7, '2023-04-04'),
(553, 816, 8, 3.18, '2023-04-09'),
(554, 406, 10, 3.62, '2024-12-05'),
(555, 197, 5, 4.88, '2022-11-12'),
(556, 71, 2, 4.57, '2024-12-03'),
(557, 136, 10, 4.25, '2024-11-05'),
(558, 361, 10, 4.22, '2022-12-29'),
(559, 475, 7, 2.48, '2023-04-10'),
(560, 696, 10, 2.1, '2022-08-27'),
(561, 962, 9, 2.1, '2023-01-02'),
(562, 624, 1, 3.52, '2024-05-09'),
(563, 496, 6, 4.25, '2022-06-23'),
(564, 322, 4, 3.56, '2023-06-25'),
(565, 974, 4, 2.65, '2024-10-11'),
(566, 926, 5, 3.55, '2023-07-16'),
(567, 38, 2, 4.87, '2024-06-30'),
(568, 839, 10, 4.87, '2022-10-09'),
(569, 732, 4, 4.88, '2024-09-09'),
(570, 80, 7, 2.96, '2024-12-12'),
(571, 197, 6, 2.05, '2024-07-20'),
(572, 169, 6, 3.65, '2023-03-24'),
(573, 954, 9, 3.65, '2023-07-14'),
(574, 491, 2, 4.77, '2024-10-12'),
(575, 89, 9, 3.63, '2024-10-22'),
(576, 662, 1, 4.01, '2022-07-19'),
(577, 258, 7, 3.59, '2024-12-20'),
(578, 405, 9, 3.53, '2024-02-04'),
(579, 487, 9, 3.96, '2022-07-07'),
(580, 82, 3, 2.13, '2024-05-19'),
(581, 292, 9, 4.26, '2024-03-09'),
(582, 328, 8, 4.91, '2023-10-11'),
(583, 40, 2, 3.02, '2024-06-25'),
(584, 895, 8, 3.67, '2024-10-03'),
(585, 238, 5, 4.3, '2024-10-17'),
(586, 89, 2, 3.49, '2022-09-23'),
(587, 806, 1, 2.46, '2022-02-07'),
(588, 904, 1, 3.19, '2023-02-24'),
(589, 89, 7, 2.92, '2022-01-18'),
(590, 731, 2, 2.4, '2022-03-05'),
(591, 229, 5, 3.38, '2023-03-03'),
(592, 622, 3, 4.28, '2023-05-26'),
(593, 794, 8, 4.54, '2023-10-25'),
(594, 328, 3, 3.86, '2023-01-27'),
(595, 465, 2, 3.4, '2023-10-19'),
(596, 526, 7, 3.47, '2024-10-03'),
(597, 412, 9, 2.98, '2022-07-13'),
(598, 554, 6, 3.3, '2022-09-08'),
(599, 128, 3, 2.18, '2023-03-31'),
(600, 359, 10, 3.93, '2024-09-24'),
(601, 778, 10, 3.28, '2022-03-04'),
(602, 5, 8, 2.52, '2024-02-26'),
(603, 969, 2, 3.93, '2022-07-08'),
(604, 933, 1, 2.89, '2022-08-19'),
(605, 536, 4, 3.82, '2024-05-17'),
(606, 77, 1, 2.61, '2022-12-20'),
(607, 384, 6, 2.88, '2022-02-08'),
(608, 525, 4, 3.26, '2022-07-28'),
(609, 531, 5, 3.72, '2024-08-07'),
(610, 21, 4, 2.21, '2024-07-18'),
(611, 856, 8, 3.52, '2022-04-30'),
(612, 155, 3, 3.78, '2022-02-09'),
(613, 301, 7, 2.44, '2023-06-18'),
(614, 263, 5, 4.01, '2024-10-24'),
(615, 181, 1, 3.27, '2023-02-28'),
(616, 15, 10, 2.68, '2022-05-05'),
(617, 183, 1, 2.45, '2023-11-06'),
(618, 540, 10, 4.28, '2024-08-13'),
(619, 408, 9, 4.39, '2024-07-19'),
(620, 643, 10, 2.47, '2023-03-30'),
(621, 440, 5, 2.62, '2023-03-25'),
(622, 793, 2, 3.21, '2023-01-30'),
(623, 571, 7, 2.53, '2024-07-14'),
(624, 553, 5, 3.16, '2023-10-04'),
(625, 189, 1, 2.17, '2022-09-11'),
(626, 597, 1, 3.26, '2023-12-23'),
(627, 439, 4, 2.59, '2022-07-30'),
(628, 268, 8, 2.38, '2022-10-27'),
(629, 590, 8, 4.77, '2023-11-26'),
(630, 594, 8, 4.34, '2023-06-28'),
(631, 389, 6, 3.39, '2022-03-19'),
(632, 361, 7, 2.39, '2024-04-12'),
(633, 934, 9, 3.43, '2024-01-30'),
(634, 358, 3, 3.56, '2022-06-06'),
(635, 461, 4, 3.13, '2022-02-15'),
(636, 321, 9, 4.51, '2024-06-03'),
(637, 297, 3, 3.01, '2023-11-10'),
(638, 778, 5, 3.3, '2022-05-12'),
(639, 454, 8, 4.52, '2024-11-22'),
(640, 679, 5, 2.81, '2023-03-04'),
(641, 352, 5, 3.13, '2024-01-28'),
(642, 566, 9, 4.23, '2023-04-30'),
(643, 124, 3, 3.58, '2022-05-14'),
(644, 684, 4, 4.91, '2022-06-16'),
(645, 566, 2, 4.81, '2024-01-07'),
(646, 329, 5, 2.2, '2024-03-22'),
(647, 882, 4, 2.84, '2022-03-15'),
(648, 781, 7, 4.63, '2023-04-18'),
(649, 755, 3, 3.38, '2023-02-24'),
(650, 392, 8, 3.15, '2023-01-01'),
(651, 395, 5, 4.08, '2022-03-27'),
(652, 999, 5, 2.16, '2023-11-03'),
(653, 509, 8, 2.85, '2023-03-15'),
(654, 805, 2, 3.38, '2023-10-06'),
(655, 123, 2, 2.4, '2022-07-09'),
(656, 538, 2, 3.88, '2024-02-27'),
(657, 842, 1, 3.18, '2023-04-18'),
(658, 226, 4, 4.89, '2023-04-11'),
(659, 547, 8, 4.24, '2024-12-31'),
(660, 389, 10, 4.59, '2024-05-27'),
(661, 605, 9, 2.02, '2023-07-03'),
(662, 105, 2, 4.45, '2023-02-20'),
(663, 128, 4, 2.77, '2022-06-27'),
(664, 7, 7, 4.47, '2022-03-28'),
(665, 693, 2, 3.26, '2023-02-23'),
(666, 672, 1, 2.7, '2024-08-17'),
(667, 222, 9, 2.68, '2023-09-12'),
(668, 133, 9, 4.64, '2024-12-28'),
(669, 655, 2, 2.62, '2022-04-19'),
(670, 707, 8, 4.98, '2023-08-07'),
(671, 483, 9, 2.18, '2023-04-12'),
(672, 260, 1, 4.3, '2024-05-25'),
(673, 248, 2, 4.34, '2023-08-24'),
(674, 372, 3, 2.6, '2023-05-23'),
(675, 725, 2, 3.26, '2022-01-11'),
(676, 417, 10, 3.61, '2024-01-04'),
(677, 237, 3, 3.16, '2024-10-01'),
(678, 840, 9, 3.67, '2022-02-07'),
(679, 756, 10, 4.71, '2023-11-18'),
(680, 699, 9, 3.82, '2024-03-20'),
(681, 244, 8, 2.78, '2022-03-13'),
(682, 704, 7, 3.82, '2024-05-22'),
(683, 853, 7, 3.31, '2022-07-26'),
(684, 768, 10, 4.44, '2024-12-20'),
(685, 581, 10, 3.17, '2024-12-11'),
(686, 999, 3, 3.51, '2022-03-19'),
(687, 356, 7, 2.09, '2024-09-22'),
(688, 563, 6, 4.71, '2023-01-16'),
(689, 325, 5, 4.9, '2023-08-02'),
(690, 625, 8, 4.39, '2023-03-26'),
(691, 820, 10, 4.34, '2024-08-07'),
(692, 309, 7, 2.41, '2022-07-15'),
(693, 352, 4, 2.96, '2024-03-08'),
(694, 22, 4, 4.23, '2022-06-17'),
(695, 851, 1, 4.56, '2022-02-06'),
(696, 571, 10, 4.29, '2022-10-04'),
(697, 850, 5, 3.98, '2022-12-05'),
(698, 776, 4, 3.56, '2022-09-01'),
(699, 435, 3, 3.1, '2023-10-16'),
(700, 286, 3, 2.39, '2024-06-11'),
(701, 348, 1, 3.38, '2022-09-10'),
(702, 538, 1, 3.7, '2023-11-06'),
(703, 761, 9, 4.52, '2024-09-06'),
(704, 651, 3, 2.61, '2024-12-27'),
(705, 326, 8, 4.69, '2022-10-22'),
(706, 961, 2, 3.13, '2022-04-11'),
(707, 550, 6, 4.2, '2023-09-10'),
(708, 375, 8, 3.27, '2024-11-06'),
(709, 323, 3, 2.68, '2022-08-17'),
(710, 876, 3, 4.15, '2024-09-18'),
(711, 632, 9, 4.12, '2023-01-14'),
(712, 634, 8, 2.0, '2024-09-15'),
(713, 459, 9, 3.68, '2022-05-12'),
(714, 483, 8, 3.99, '2022-11-24'),
(715, 220, 5, 3.81, '2024-07-25'),
(716, 941, 10, 4.18, '2023-06-21'),
(717, 383, 9, 4.91, '2022-11-09'),
(718, 631, 7, 3.93, '2024-06-13'),
(719, 116, 4, 3.76, '2023-10-22'),
(720, 513, 4, 2.24, '2023-07-27'),
(721, 53, 6, 3.65, '2024-10-14'),
(722, 370, 9, 2.28, '2022-03-15'),
(723, 566, 7, 3.63, '2022-09-24'),
(724, 468, 3, 4.89, '2023-05-24'),
(725, 838, 8, 4.35, '2022-12-31'),
(726, 526, 9, 2.48, '2022-11-22'),
(727, 403, 5, 2.56, '2023-03-22'),
(728, 68, 4, 2.05, '2024-09-24'),
(729, 93, 3, 4.7, '2022-01-11'),
(730, 44, 9, 3.53, '2024-08-08'),
(731, 18, 10, 4.34, '2024-12-18'),
(732, 44, 2, 2.75, '2022-12-19'),
(733, 600, 10, 3.41, '2024-02-27'),
(734, 445, 6, 4.75, '2023-01-29'),
(735, 329, 2, 2.56, '2024-02-21'),
(736, 663, 6, 4.76, '2023-10-27'),
(737, 275, 10, 2.71, '2024-07-28'),
(738, 106, 10, 4.69, '2024-12-07'),
(739, 315, 2, 2.48, '2022-09-07'),
(740, 999, 1, 3.43, '2024-01-16'),
(741, 147, 2, 3.79, '2023-07-12'),
(742, 101, 4, 4.43, '2023-04-08'),
(743, 27, 5, 3.94, '2024-07-12'),
(744, 842, 10, 2.75, '2023-06-03'),
(745, 151, 10, 4.32, '2023-05-26'),
(746, 637, 9, 4.72, '2022-11-26'),
(747, 85, 7, 4.46, '2023-04-25'),
(748, 169, 8, 3.16, '2023-10-01'),
(749, 995, 9, 4.45, '2023-03-07'),
(750, 441, 7, 4.77, '2024-08-18'),
(751, 110, 5, 3.9, '2022-07-28'),
(752, 579, 5, 2.23, '2023-09-10'),
(753, 800, 9, 4.48, '2022-03-07'),
(754, 984, 4, 4.52, '2023-03-17'),
(755, 901, 10, 2.93, '2023-02-18'),
(756, 957, 6, 2.83, '2023-07-08'),
(757, 454, 1, 2.48, '2022-07-10'),
(758, 513, 8, 2.01, '2022-05-11'),
(759, 443, 1, 4.35, '2023-11-15'),
(760, 92, 3, 4.2, '2022-11-10'),
(761, 483, 7, 4.58, '2023-06-10'),
(762, 641, 6, 4.91, '2024-09-07'),
(763, 379, 7, 3.33, '2023-08-06'),
(764, 202, 2, 3.56, '2024-01-17'),
(765, 95, 7, 3.31, '2022-08-30'),
(766, 231, 10, 4.93, '2022-09-16'),
(767, 699, 10, 3.83, '2022-03-02'),
(768, 944, 7, 2.57, '2023-05-15'),
(769, 591, 2, 3.29, '2024-05-17'),
(770, 52, 7, 4.69, '2024-09-05'),
(771, 498, 9, 4.56, '2022-10-02'),
(772, 950, 10, 3.65, '2024-12-18'),
(773, 978, 5, 2.55, '2023-05-30'),
(774, 360, 2, 4.37, '2023-09-16'),
(775, 138, 6, 4.23, '2024-08-24'),
(776, 949, 3, 2.44, '2024-05-07'),
(777, 668, 3, 3.42, '2024-03-29'),
(778, 141, 5, 2.79, '2022-02-20'),
(779, 822, 9, 3.93, '2024-11-23'),
(780, 242, 9, 4.18, '2024-05-17'),
(781, 302, 4, 2.66, '2023-04-30'),
(782, 532, 3, 3.25, '2023-01-14'),
(783, 289, 5, 2.28, '2022-05-26'),
(784, 823, 4, 4.37, '2024-06-18'),
(785, 62, 1, 2.59, '2023-09-08'),
(786, 803, 8, 2.75, '2024-11-27'),
(787, 484, 6, 4.49, '2022-12-14'),
(788, 629, 8, 3.83, '2022-12-15'),
(789, 794, 2, 4.96, '2022-09-05'),
(790, 365, 9, 2.6, '2022-04-20'),
(791, 736, 2, 2.46, '2022-11-29'),
(792, 813, 7, 4.24, '2022-10-20'),
(793, 878, 10, 2.03, '2023-02-16'),
(794, 709, 9, 2.7, '2022-02-13'),
(795, 496, 2, 2.56, '2024-03-10'),
(796, 188, 9, 3.0, '2022-01-14'),
(797, 807, 6, 4.87, '2024-10-27'),
(798, 516, 6, 3.35, '2024-04-25'),
(799, 994, 7, 2.46, '2023-06-23'),
(800, 929, 2, 2.69, '2022-08-16'),
(801, 530, 3, 2.97, '2024-01-25'),
(802, 407, 9, 3.43, '2024-05-01'),
(803, 357, 1, 3.54, '2024-04-30'),
(804, 389, 9, 2.45, '2024-03-03'),
(805, 260, 8, 2.16, '2023-11-23'),
(806, 938, 2, 3.3, '2024-08-27'),
(807, 812, 9, 4.69, '2023-12-08'),
(808, 384, 6, 2.93, '2024-06-10'),
(809, 307, 2, 2.12, '2023-11-09'),
(810, 717, 2, 2.31, '2023-02-02'),
(811, 668, 10, 4.1, '2023-08-31'),
(812, 998, 10, 2.19, '2022-07-26'),
(813, 849, 7, 4.86, '2022-09-18'),
(814, 70, 6, 2.74, '2023-06-07'),
(815, 707, 4, 2.08, '2023-04-23'),
(816, 61, 3, 4.55, '2024-03-05'),
(817, 898, 8, 3.36, '2022-04-11'),
(818, 546, 10, 3.62, '2022-03-04'),
(819, 808, 7, 3.34, '2024-01-27'),
(820, 898, 3, 4.08, '2023-12-16'),
(821, 192, 1, 4.16, '2023-03-19'),
(822, 379, 2, 4.9, '2024-01-06'),
(823, 9, 3, 4.91, '2023-01-12'),
(824, 464, 8, 2.83, '2023-04-11'),
(825, 630, 2, 2.15, '2022-01-21'),
(826, 177, 6, 3.35, '2023-04-23'),
(827, 951, 1, 2.87, '2022-01-16'),
(828, 257, 5, 3.34, '2022-03-05'),
(829, 627, 7, 2.15, '2024-11-14'),
(830, 956, 6, 2.86, '2022-06-22'),
(831, 876, 7, 3.86, '2024-11-14'),
(832, 945, 9, 3.54, '2023-06-06'),
(833, 569, 7, 3.4, '2024-02-11'),
(834, 992, 1, 4.51, '2023-04-25'),
(835, 648, 4, 4.94, '2022-05-16'),
(836, 840, 5, 4.67, '2023-12-05'),
(837, 498, 5, 3.41, '2023-05-08'),
(838, 554, 8, 4.91, '2024-06-03'),
(839, 436, 2, 4.29, '2024-07-30'),
(840, 404, 8, 3.48, '2023-12-01'),
(841, 711, 4, 3.76, '2023-03-23'),
(842, 701, 10, 2.41, '2023-07-21'),
(843, 3, 4, 2.37, '2022-05-09'),
(844, 594, 6, 4.12, '2024-07-03'),
(845, 535, 8, 2.84, '2024-08-24'),
(846, 346, 10, 4.63, '2022-10-05'),
(847, 434, 4, 4.78, '2023-03-06'),
(848, 330, 1, 4.66, '2023-01-17'),
(849, 877, 7, 4.36, '2024-06-04'),
(850, 305, 8, 3.96, '2022-11-09'),
(851, 470, 10, 3.45, '2022-05-08'),
(852, 413, 4, 3.51, '2023-05-29'),
(853, 151, 9, 4.67, '2024-12-28'),
(854, 963, 6, 2.98, '2022-10-03'),
(855, 744, 4, 2.77, '2023-09-28'),
(856, 818, 10, 2.08, '2024-01-20'),
(857, 32, 1, 3.69, '2024-08-26'),
(858, 599, 4, 4.53, '2024-07-30'),
(859, 975, 10, 2.6, '2024-12-11'),
(860, 178, 8, 2.18, '2024-08-27'),
(861, 247, 7, 4.19, '2024-08-28'),
(862, 458, 10, 4.35, '2022-02-06'),
(863, 489, 8, 2.7, '2023-11-23'),
(864, 124, 6, 3.31, '2023-09-22'),
(865, 807, 6, 4.62, '2023-07-03'),
(866, 237, 10, 3.61, '2024-08-30'),
(867, 898, 4, 3.79, '2023-05-18'),
(868, 367, 4, 3.94, '2024-05-25'),
(869, 901, 8, 2.74, '2022-05-07'),
(870, 778, 4, 3.7, '2024-01-27'),
(871, 826, 3, 3.94, '2022-10-25'),
(872, 837, 8, 2.34, '2024-09-04'),
(873, 213, 3, 2.72, '2022-05-01'),
(874, 745, 4, 2.2, '2024-12-13'),
(875, 438, 7, 4.11, '2023-05-22'),
(876, 34, 10, 3.13, '2024-04-17'),
(877, 395, 8, 3.58, '2024-03-21'),
(878, 830, 10, 3.9, '2024-12-15'),
(879, 164, 3, 4.71, '2023-12-11'),
(880, 879, 5, 3.09, '2022-09-03'),
(881, 283, 1, 2.62, '2023-03-13'),
(882, 910, 3, 4.32, '2023-04-18'),
(883, 474, 3, 3.74, '2024-10-07'),
(884, 2, 7, 3.88, '2023-12-08'),
(885, 593, 8, 4.8, '2024-03-05'),
(886, 363, 5, 2.98, '2024-06-30'),
(887, 431, 6, 3.42, '2022-12-17'),
(888, 651, 7, 2.27, '2024-07-16'),
(889, 281, 9, 3.25, '2024-11-30'),
(890, 323, 10, 3.67, '2022-07-29'),
(891, 971, 10, 2.97, '2024-11-23'),
(892, 887, 4, 2.94, '2023-04-01'),
(893, 48, 2, 3.66, '2024-04-18'),
(894, 731, 7, 3.85, '2022-04-30'),
(895, 331, 6, 4.45, '2024-07-23'),
(896, 859, 6, 4.74, '2023-01-08'),
(897, 920, 10, 2.71, '2022-10-14'),
(898, 961, 8, 2.14, '2024-06-09'),
(899, 638, 10, 2.78, '2022-10-07'),
(900, 995, 9, 2.19, '2023-10-23'),
(901, 974, 5, 2.42, '2024-10-06'),
(902, 99, 3, 4.74, '2023-04-21'),
(903, 231, 2, 3.28, '2024-12-20'),
(904, 625, 1, 3.27, '2023-07-26'),
(905, 531, 10, 3.7, '2023-12-03'),
(906, 944, 2, 2.85, '2023-06-22'),
(907, 493, 5, 2.95, '2024-12-28'),
(908, 27, 5, 2.37, '2023-05-13'),
(909, 327, 6, 2.17, '2023-05-29'),
(910, 517, 10, 3.47, '2023-03-10'),
(911, 248, 6, 4.83, '2023-02-10'),
(912, 386, 1, 4.96, '2023-12-12'),
(913, 660, 2, 4.0, '2024-05-13'),
(914, 64, 1, 4.08, '2022-12-10'),
(915, 322, 7, 3.95, '2023-11-30'),
(916, 688, 10, 3.86, '2024-07-14'),
(917, 772, 6, 3.78, '2022-04-24'),
(918, 900, 6, 4.96, '2023-11-25'),
(919, 426, 10, 4.77, '2022-07-24'),
(920, 494, 1, 3.03, '2022-12-16'),
(921, 244, 8, 4.77, '2024-12-17'),
(922, 58, 2, 4.55, '2024-08-26'),
(923, 473, 3, 2.74, '2023-03-04'),
(924, 67, 8, 2.66, '2022-07-28'),
(925, 992, 3, 2.28, '2023-02-05'),
(926, 48, 9, 2.21, '2022-06-24'),
(927, 944, 5, 4.1, '2022-07-18'),
(928, 744, 3, 4.64, '2023-05-24'),
(929, 128, 9, 2.76, '2024-04-17'),
(930, 347, 7, 4.18, '2023-12-01'),
(931, 504, 7, 3.89, '2024-08-16'),
(932, 452, 3, 2.17, '2022-01-21'),
(933, 798, 4, 4.43, '2024-04-08'),
(934, 153, 2, 3.23, '2023-07-15'),
(935, 904, 7, 3.13, '2024-03-23'),
(936, 86, 1, 4.56, '2024-07-11'),
(937, 732, 4, 2.23, '2023-12-30'),
(938, 287, 5, 3.56, '2022-03-20'),
(939, 629, 1, 3.28, '2022-02-25'),
(940, 211, 6, 4.05, '2022-06-03'),
(941, 966, 1, 3.48, '2024-08-13'),
(942, 874, 7, 2.98, '2024-01-08'),
(943, 205, 6, 4.07, '2024-05-29'),
(944, 124, 6, 4.59, '2022-10-17'),
(945, 187, 9, 3.66, '2023-01-30'),
(946, 353, 9, 3.73, '2022-11-05'),
(947, 355, 4, 3.89, '2022-05-24'),
(948, 489, 7, 4.33, '2022-11-18'),
(949, 274, 4, 2.25, '2022-11-08'),
(950, 600, 7, 3.88, '2022-02-23'),
(951, 725, 10, 4.07, '2023-02-15'),
(952, 72, 8, 3.03, '2023-03-07'),
(953, 458, 6, 3.3, '2023-03-15'),
(954, 238, 9, 3.09, '2024-10-10'),
(955, 187, 6, 4.37, '2022-07-19'),
(956, 470, 9, 2.41, '2023-06-01'),
(957, 837, 7, 3.01, '2022-12-26'),
(958, 469, 7, 4.95, '2024-11-13'),
(959, 625, 1, 3.63, '2024-12-30'),
(960, 402, 6, 4.85, '2022-02-23'),
(961, 308, 10, 4.91, '2023-04-26'),
(962, 387, 9, 4.69, '2024-03-31'),
(963, 237, 7, 2.42, '2023-02-01'),
(964, 667, 1, 3.85, '2023-03-25'),
(965, 780, 2, 3.92, '2022-05-01'),
(966, 740, 3, 2.89, '2023-01-16'),
(967, 255, 7, 3.96, '2022-11-15'),
(968, 740, 4, 2.54, '2023-04-07'),
(969, 810, 5, 3.99, '2023-04-21'),
(970, 26, 5, 4.29, '2022-07-04'),
(971, 987, 1, 4.77, '2022-12-09'),
(972, 831, 1, 3.97, '2022-07-21'),
(973, 529, 4, 3.64, '2023-11-04'),
(974, 204, 6, 3.57, '2024-01-23'),
(975, 257, 7, 3.79, '2022-08-17'),
(976, 708, 3, 3.35, '2022-07-02'),
(977, 632, 6, 2.9, '2024-07-12'),
(978, 655, 9, 3.21, '2024-10-27'),
(979, 619, 7, 4.3, '2024-06-01'),
(980, 668, 3, 2.19, '2023-07-14'),
(981, 336, 3, 3.48, '2023-04-03'),
(982, 840, 7, 4.25, '2023-01-13'),
(983, 270, 4, 2.94, '2023-03-04'),
(984, 770, 3, 3.77, '2024-03-20'),
(985, 392, 1, 2.73, '2023-08-08'),
(986, 63, 1, 2.03, '2024-09-30'),
(987, 640, 10, 2.25, '2023-10-09'),
(988, 47, 7, 2.68, '2024-12-20'),
(989, 701, 8, 3.69, '2024-03-24'),
(990, 408, 6, 3.11, '2024-12-27'),
(991, 861, 7, 3.82, '2024-02-17'),
(992, 323, 8, 4.43, '2022-08-03'),
(993, 457, 8, 3.44, '2022-02-23'),
(994, 4, 3, 3.51, '2022-04-22'),
(995, 743, 8, 4.31, '2024-01-12'),
(996, 218, 4, 4.52, '2024-10-23'),
(997, 839, 4, 2.72, '2024-11-07'),
(998, 919, 9, 4.11, '2024-12-15'),
(999, 534, 5, 4.84, '2022-01-22'),
(1000, 586, 9, 4.64, '2023-06-17'),
